Horizon: 1: loss: squared_error, learning_rate: 0.1, n_estimators: 152, subsample: 0.9779293068154264, criterion: friedman_mse, min_samples_split: 2, max_depth: 3, => ocena: 0.839411484340841 
Horizon: 2: loss: squared_error, learning_rate: 0.18434194814314497, n_estimators: 78, subsample: 1, criterion: friedman_mse, min_samples_split: 5, max_depth: 2, => ocena: 0.5915592140084929 
Horizon: 6: loss: huber, learning_rate: 0.028099065210575147, n_estimators: 74, subsample: 0.05433725073592999, criterion: squared_error, min_samples_split: 3, max_depth: 4, => ocena: 0.1953916408871273 
Horizon: 7: loss: huber, learning_rate: 0.022065620989101586, n_estimators: 215, subsample: 0.18678415345332355, criterion: friedman_mse, min_samples_split: 5, max_depth: 3, => ocena: 0.16001758817381243 
