Horizon: 8: loss: huber, learning_rate: 0.030407802353041413, n_estimators: 93, subsample: 0.22293529056577288, criterion: friedman_mse, min_samples_split: 5, max_depth: 3, => ocena: 0.12911702417408527 
Horizon: 9: loss: huber, learning_rate: 0.04347458360297672, n_estimators: 94, subsample: 0.6000404243696749, criterion: friedman_mse, min_samples_split: 4, max_depth: 2, => ocena: 0.09656167325008963 
Horizon: 10: loss: huber, learning_rate: 0.06973556618450416, n_estimators: 36, subsample: 0.3769110610197152, criterion: friedman_mse, min_samples_split: 2, max_depth: 3, => ocena: 0.07676439560894653 
